8957ms
========== 7E0 ==========
7E0 8 01 3E 00 00 00 00 00 00         3ms
7E8 8 01 7E 00 00 00 00 00 00        73ms
7E0 8 02 10 5F 00 00 00 00 00         5ms
7E8 8 02 50 01 00 00 00 00 00         4ms
7E0 8 01 07 00 00 00 00 00 00         4ms
7E8 8 02 47 00 00 00 00 00 00         4ms
7E0 8 02 13 B0 00 00 00 00 00         4ms
7E8 8 02 53 00 00 00 00 00 00        10ms
7E0 8 02 13 80 00 00 00 00 00         2ms
7E8 8 02 53 00 00 00 00 00 00       518ms

========== 7B0 ==========
7B0 8 01 3E 00 00 00 00 00 00         7ms
7B8 8 01 7E 00 00 00 00 00 00        73ms
7B0 8 02 10 5F 00 00 00 00 00         6ms
7B8 8 02 50 01 00 00 00 00 00         9ms
7B0 8 02 13 81 00 00 00 00 00         9ms
7B8 8 02 53 00 00 00 00 00 00         7ms
7B0 8 02 13 82 00 00 00 00 00        12ms
7B8 8 02 53 00 00 00 00 00 00       516ms

========== 780 ==========
780 8 01 3E 00 00 00 00 00 00        22ms
788 8 01 7E 00 00 00 00 00 00        83ms
780 8 02 10 5F 00 00 00 00 00        22ms
788 8 02 50 01 00 00 00 00 00         5ms
780 8 02 13 81 00 00 00 00 00        22ms
788 8 02 53 00 00 00 00 00 00         5ms
780 8 02 13 82 00 00 00 00 00        21ms
788 8 02 53 00 00 00 00 00 00       515ms

========== 7C0 ==========
7C0 8 01 3E 00 00 00 00 00 00         4ms
7C8 8 01 7E 00 00 00 00 00 00       104ms
7C0 8 02 13 81 00 00 00 00 00         6ms
7C8 8 02 53 00 00 00 00 00 00         5ms
7C0 8 02 13 82 00 00 00 00 00         5ms
7C8 8 02 53 00 00 00 00 00 00      2529ms


========== 726 ==========
726 8 01 3E 00 00 00 00 00 00         2ms
72E 8 01 7E 00 00 00 00 00 00        73ms
726 8 02 10 5F 00 00 00 00 00         4ms
72E 8 02 50 01 00 00 00 00 00        14ms
726 8 02 13 81 00 00 00 00 00         2ms
72E 8 02 53 00 00 00 00 00 00         4ms
726 8 02 13 82 00 00 00 00 00         4ms
72E 8 02 53 00 00 00 00 00 00       524ms

========== 7E0 ==========
7E0 8 01 3E 00 00 00 00 00 00         5ms
7E8 8 01 7E 00 00 00 00 00 00        74ms
7E0 8 02 13 80 00 00 00 00 00         4ms
7E8 8 02 53 00 00 00 00 00 00       522ms

========== 7A1 ==========
7A1 8 01 3E 00 00 00 00 00 00        37ms
7A9 8 01 7E 00 00 00 00 00 00        90ms
7A1 8 02 10 5F 00 00 00 00 00        40ms
7A9 8 02 50 01 00 00 00 00 00         7ms
7A1 8 02 13 81 00 00 00 00 00        38ms
7A9 8 02 53 00 00 00 00 00 00         5ms
7A1 8 02 13 81 00 00 00 00 00        40ms
7A9 8 02 53 00 00 00 00 00 00         4ms
7A1 8 02 13 82 00 00 00 00 00        41ms
7A9 8 02 53 00 00 00 00 00 00       507ms

========== 7C4 ==========
7C4 8 01 3E 00 00 00 00 00 00        30ms
7CC 8 01 7E 00 00 00 00 00 00       108ms
7C4 8 02 13 81 00 00 00 00 00        33ms
7CC 8 02 53 00 00 00 00 00 00         4ms
7C4 8 02 13 82 00 00 00 00 00        17ms
7CC 8 02 53 00 00 00 00 00 00 