
========== 7DF ==========
7DF 8 02 01 00 00 00 00 00 00         3ms
7E8 8 06 41 00 BE 3F A0 13 00       556ms
  
7DF 8 02 01 00 00 00 00 00 00         5ms
7E8 8 06 41 00 BE 3F A0 13 00       475ms
7DF 8 02 01 20 00 00 00 00 00         4ms
7E8 8 06 41 20 90 15 B8 15 00       446ms
7DF 8 02 01 40 00 00 00 00 00         5ms
7E8 8 06 41 40 FE DC AC 01 00       475ms
7DF 8 02 01 60 00 00 00 00 00         4ms
7E8 8 06 41 60 08 00 00 00 00      1046ms 

7DF 8 02 01 00 00 00 00 00 00         3ms
7E8 8 06 41 00 BE 3F A0 13 00       207ms
7DF 8 02 01 00 00 00 00 00 00         2ms
7E8 8 06 41 00 BE 3F A0 13 00       119ms
  
7DF 8 02 09 02 00 00 00 00 00         4ms
7E8 8 10 14 49 02 01 4C 56 47         0ms
7E0 8 30 00 00 00 00 00 00 00         1ms
7E8 8 21 43 4A 45 32 33 36 4B         1ms
7E8 8 22 47 36 31 38 32 31 38       114ms
  
7DF 8 02 09 04 00 00 00 00 00         3ms
7E8 8 10 23 49 04 02 33 30 55         0ms
7E0 8 30 00 00 00 00 00 00 00         1ms
7E8 8 21 30 37 32 30 30 00 00         1ms
7E8 8 22 00 00 00 00 00 00 41         1ms
7E8 8 23 30 32 30 32 30 30 30         1ms
7E8 8 24 00 00 00 00 00 00 00         1ms
7E8 8 25 00 00 00 00 00 00 00       112ms
  
7DF 8 02 09 0A 00 00 00 00 00         2ms
7E8 8 10 17 49 0A 01 45 43 4D         0ms
7E0 8 30 00 00 00 00 00 00 00         0ms
7E8 8 21 00 2D 45 6E 67 69 6E         1ms
7E8 8 22 65 43 6F 6E 74 72 6F         1ms
7E8 8 23 6C 00 00 00 00 00 00        85ms
  
7DF 8 02 09 08 00 00 00 00 00         2ms
7E8 8 10 33 49 08 18 00 D6 02         0ms
7E0 8 30 00 00 00 00 00 00 00         1ms
7E8 8 21 4E 00 A6 00 D6 00 00         1ms
7E8 8 22 00 00 01 0A 00 D6 00         1ms
7E8 8 23 00 00 00 00 F2 00 D6         1ms
7E8 8 24 00 00 00 00 00 65 00         1ms
7E8 8 25 4C 00 A4 00 D6 00 00         1ms
7E8 8 26 00 00 00 00 00 00 00         1ms
7E8 8 27 00 00 00 00 00 00 00       111ms
  
7DF 8 02 09 0B 00 00 00 00 00       450ms
  
7DF 8 02 01 00 00 00 00 00 00         1ms
7E8 8 06 41 00 BE 3F A0 13 00       238ms

7DF 8 02 01 00 00 00 00 00 00         4ms
7E8 8 06 41 00 BE 3F A0 13 00       237ms

# 检查EOBD故障码03/07/0A
7DF 8 01 03 00 00 00 00 00 00         2ms
7E8 8 02 43 00 00 00 00 00 00        88ms

7DF 8 01 03 00 00 00 00 00 00         2ms
7E8 8 02 43 00 00 00 00 00 00        88ms

7DF 8 01 07 00 00 00 00 00 00         3ms
7E8 8 02 47 00 00 00 00 00 00        87ms

7DF 8 01 07 00 00 00 00 00 00         3ms
7E8 8 02 47 00 00 00 00 00 00        87ms

7DF 8 01 0A 00 00 00 00 00 00         3ms
7E8 8 02 4A 00 00 00 00 00 00        88ms


7DF 8 04 18 00 FF 00 00 00 00         6ms
7E8 8 03 7F 18 11 00 00 00 00        84ms
  
7DF 8 04 18 02 FF 00 00 00 00         5ms
7E8 8 03 7F 18 11 00 00 00 00        84ms
  
7DF 8 03 18 FF 00 00 00 00 00         2ms
7E8 8 03 7F 18 11 00 00 00 00        88ms
  
7DF 8 03 17 FF 00 00 00 00 00         2ms
7E8 8 03 7F 17 11 00 00 00 00        88ms
  
7DF 8 03 13 FF 00 00 00 00 00         2ms
7E8 8 03 7F 13 12 00 00 00 00        88ms
  
7DF 8 03 13 FF FF 00 00 00 00         2ms
7E8 8 03 7F 13 12 00 00 00 00        87ms
  
7DF 8 01 13 00 00 00 00 00 00         4ms
7E8 8 02 53 00 00 00 00 00 00        87ms
  
7DF 8 02 13 81 00 00 00 00 00         3ms
7E8 8 03 7F 13 12 00 00 00 00        87ms

# 诊断7E8的1902AC/190278/190FAC        
7DF 8 03 19 02 AC 00 00 00 00         3ms
7E8 8 03 7F 19 11 00 00 00 00        87ms
  
7DF 8 03 19 02 78 00 00 00 00         3ms
7E8 8 03 7F 19 11 00 00 00 00        87ms
  
7DF 8 03 19 02 08 00 00 00 00         3ms
7E8 8 03 7F 19 11 00 00 00 00        87ms
  
7DF 8 03 19 0F AC 00 00 00 00         3ms
7E8 8 03 7F 19 11 00 00 00 00       327ms
  
7DF 8 02 01 00 00 00 00 00 00         6ms
7E8 8 06 41 00 BE 3F A0 13 00       564ms

========== 7E0 ==========
7E0 8 01 3E 00 00 00 00 00 00         5ms
7E8 8 01 7E 00 00 00 00 00 00        86ms

7E0 8 04 18 00 FF 00 00 00 00         4ms
7E8 8 03 7F 18 11 00 00 00 00        86ms

7E0 8 04 18 02 FF 00 00 00 00         4ms
7E8 8 03 7F 18 11 00 00 00 00        85ms

7E0 8 03 18 FF 00 00 00 00 00         5ms
7E8 8 03 7F 18 11 00 00 00 00        85ms

7E0 8 03 17 FF 00 00 00 00 00         5ms
7E8 8 03 7F 17 11 00 00 00 00        85ms

7E0 8 03 13 FF 00 00 00 00 00         5ms
7E8 8 03 7F 13 12 00 00 00 00        85ms

7E0 8 03 13 FF FF 00 00 00 00         5ms
7E8 8 03 7F 13 12 00 00 00 00        84ms

7E0 8 01 13 00 00 00 00 00 00         2ms
7E8 8 02 53 00 00 00 00 00 00        88ms

7E0 8 02 13 81 00 00 00 00 00         2ms
7E8 8 03 7F 13 12 00 00 00 00        89ms

7E0 8 03 19 02 AC 00 00 00 00         6ms
7E8 8 03 7F 19 11 00 00 00 00        84ms

7E0 8 03 19 02 78 00 00 00 00         6ms
7E8 8 03 7F 19 11 00 00 00 00        84ms

7E0 8 03 19 02 08 00 00 00 00         1ms
7E8 8 03 7F 19 11 00 00 00 00        89ms

7E0 8 03 19 0F AC 00 00 00 00         5ms
7E8 8 03 7F 19 11 00 00 00 00       384ms
  
7DF 8 02 01 00 00 00 00 00 00         5ms
7E8 8 06 41 00 BE 3F A0 13 00       385ms

========== 7E1 ==========
7E1 8 01 3E 00 00 00 00 00 00       750ms
  
7DF 8 02 01 00 00 00 00 00 00         4ms
7E8 8 06 41 00 BE 3F A0 13 00       385ms

========== 700 ==========
700 8 01 3E 00 00 00 00 00 00       751ms
  
7DF 8 02 01 00 00 00 00 00 00         3ms
7E8 8 06 41 00 BE 3F A0 13 00       387ms

========== 701 ==========
701 8 01 3E 00 00 00 00 00 00       751ms
  
7DF 8 02 01 00 00 00 00 00 00         2ms
7E8 8 06 41 00 BE 3F A0 13 00       388ms

========== 760 ==========
760 8 01 3E 00 00 00 00 00 00       751ms
  
7DF 8 02 01 00 00 00 00 00 00         4ms
7E8 8 06 41 00 BE 3F A0 13 00       385ms

========== 7B0 ==========
7B0 8 01 3E 00 00 00 00 00 00        10ms
7B8 8 01 7E 00 00 00 00 00 00        82ms

7B0 8 04 18 00 FF 00 00 00 00         8ms
7B8 8 03 7F 18 11 00 00 00 00        82ms

7B0 8 04 18 02 FF 00 00 00 00         9ms
7B8 8 03 7F 18 11 00 00 00 00        81ms

7B0 8 03 18 FF 00 00 00 00 00        10ms
7B8 8 03 7F 18 11 00 00 00 00        80ms

7B0 8 03 17 FF 00 00 00 00 00        10ms
7B8 8 03 7F 17 11 00 00 00 00        80ms

7B0 8 03 13 FF 00 00 00 00 00        11ms
7B8 8 03 7F 13 12 00 00 00 00        79ms

7B0 8 03 13 FF FF 00 00 00 00        11ms
7B8 8 03 7F 13 12 00 00 00 00        78ms

7B0 8 01 13 00 00 00 00 00 00         7ms
7B8 8 06 53 02 C0 73 C1 26 00       114ms

7B0 8 02 13 81 00 00 00 00 00         7ms
7B8 8 02 53 00 00 00 00 00 00        84ms

7B0 8 03 19 02 AC 00 00 00 00         7ms
7B8 8 03 7F 19 11 00 00 00 00        84ms

7B0 8 03 19 02 78 00 00 00 00         7ms
7B8 8 03 7F 19 11 00 00 00 00        83ms

7B0 8 03 19 02 08 00 00 00 00         7ms
7B8 8 03 7F 19 11 00 00 00 00        83ms

7B0 8 03 19 0F AC 00 00 00 00         8ms
7B8 8 03 7F 19 11 00 00 00 00       411ms

  
7DF 8 02 01 00 00 00 00 00 00         5ms
7E8 8 06 41 00 BE 3F A0 13 00       384ms

========== 780 ==========
780 8 01 3E 00 00 00 00 00 00        21ms
788 8 01 7E 00 00 00 00 00 00       100ms

780 8 04 18 00 FF 00 00 00 00        22ms
788 8 03 7F 18 10 00 00 00 00        98ms

780 8 04 18 02 FF 00 00 00 00        22ms
788 8 03 7F 18 10 00 00 00 00        97ms

780 8 03 18 FF 00 00 00 00 00        22ms
788 8 03 7F 18 10 00 00 00 00        99ms

780 8 03 17 FF 00 00 00 00 00        21ms
788 8 03 7F 17 10 00 00 00 00        99ms

780 8 03 13 FF 00 00 00 00 00        21ms
788 8 03 7F 13 10 00 00 00 00        99ms

780 8 03 13 FF FF 00 00 00 00        21ms
788 8 03 7F 13 10 00 00 00 00        97ms

780 8 01 13 00 00 00 00 00 00        22ms
788 8 02 53 00 00 00 00 00 00        99ms

780 8 02 13 81 00 00 00 00 00        22ms
788 8 02 53 00 00 00 00 00 00        99ms

780 8 03 19 02 AC 00 00 00 00        21ms
788 8 03 7F 19 10 00 00 00 00        99ms

780 8 03 19 02 78 00 00 00 00        21ms
788 8 03 7F 19 10 00 00 00 00        99ms

780 8 03 19 02 08 00 00 00 00        21ms
788 8 03 7F 19 10 00 00 00 00        99ms

780 8 03 19 0F AC 00 00 00 00        21ms
788 8 03 7F 19 10 00 00 00 00       398ms

  
7DF 8 02 01 00 00 00 00 00 00         4ms
7E8 8 06 41 00 BE 3F A0 13 00       385ms

========== 737 ==========
737 8 01 3E 00 00 00 00 00 00       751ms

7DF 8 02 01 00 00 00 00 00 00         3ms
7E8 8 06 41 00 BE 3F A0 13 00       387ms

========== 7E2 ==========
7E2 8 01 3E 00 00 00 00 00 00       751ms

7DF 8 02 01 00 00 00 00 00 00         2ms
7E8 8 06 41 00 BE 3F A0 13 00       388ms

========== 7E3 ==========
7E3 8 01 3E 00 00 00 00 00 00       751ms

7DF 8 02 01 00 00 00 00 00 00         4ms
7E8 8 06 41 00 BE 3F A0 13 00       386ms

========== 7E7 ==========
7E7 8 01 3E 00 00 00 00 00 00       750ms
  
7DF 8 02 01 00 00 00 00 00 00         3ms
7E8 8 06 41 00 BE 3F A0 13 00       386ms

========== 703 ==========
703 8 01 3E 00 00 00 00 00 00       751ms

7DF 8 02 01 00 00 00 00 00 00         2ms
7E8 8 06 41 00 BE 3F A0 13 00       388ms

========== 705 ==========
705 8 01 3E 00 00 00 00 00 00       751ms

7DF 8 02 01 00 00 00 00 00 00         5ms
7E8 8 06 41 00 BE 3F A0 13 00       385ms

========== 723 ==========
723 8 01 3E 00 00 00 00 00 00       751ms

7DF 8 02 01 00 00 00 00 00 00         3ms
7E8 8 06 41 00 BE 3F A0 13 00       386ms

========== 724 ==========
724 8 01 3E 00 00 00 00 00 00       751ms

  
7DF 8 02 01 00 00 00 00 00 00         2ms
7E8 8 06 41 00 BE 3F A0 13 00       387ms

========== 726 ==========    
726 8 01 3E 00 00 00 00 00 00         4ms
72E 8 01 7E 00 00 00 00 00 00        87ms

726 8 04 18 00 FF 00 00 00 00         3ms
72E 8 03 7F 18 11 00 00 00 00        87ms

726 8 04 18 02 FF 00 00 00 00         3ms
72E 8 03 7F 18 11 00 00 00 00        87ms

726 8 03 18 FF 00 00 00 00 00         4ms
72E 8 03 7F 18 11 00 00 00 00        86ms

726 8 03 17 FF 00 00 00 00 00         4ms
72E 8 03 7F 17 11 00 00 00 00        86ms

726 8 03 13 FF 00 00 00 00 00         4ms
72E 8 03 7F 13 12 00 00 00 00        86ms

726 8 03 13 FF FF 00 00 00 00         4ms
72E 8 03 7F 13 12 00 00 00 00        85ms

726 8 01 13 00 00 00 00 00 00         5ms
72E 8 10 0E 53 06 C1 00 C1 21         0ms

726 8 30 00 05 00 00 00 00 00         1ms
72E 8 21 C1 26 C1 31 C1 55 C1         6ms
72E 8 22 64 00 00 00 00 00 00       108ms

726 8 02 13 81 00 00 00 00 00         3ms
72E 8 02 53 00 00 00 00 00 00        87ms

726 8 03 19 02 AC 00 00 00 00         3ms
72E 8 03 7F 19 11 00 00 00 00        87ms

726 8 03 19 02 78 00 00 00 00         3ms
72E 8 03 7F 19 11 00 00 00 00        87ms

726 8 03 19 02 08 00 00 00 00         3ms
72E 8 03 7F 19 11 00 00 00 00        87ms

726 8 03 19 0F AC 00 00 00 00         3ms
72E 8 03 7F 19 11 00 00 00 00       386ms

  
7DF 8 02 01 00 00 00 00 00 00         4ms
7E8 8 06 41 00 BE 3F A0 13 00       385ms

========== 727 ==========
727 8 01 3E 00 00 00 00 00 00       751ms

  
7DF 8 02 01 00 00 00 00 00 00         3ms
7E8 8 06 41 00 BE 3F A0 13 00       386ms

========== 730 ==========
730 8 01 3E 00 00 00 00 00 00       811ms

  
7DF 8 02 01 00 00 00 00 00 00         4ms
7E8 8 06 41 00 BE 3F A0 13 00       386ms

========== 731 ==========
731 8 01 3E 00 00 00 00 00 00       751ms

  
7DF 8 02 01 00 00 00 00 00 00         2ms
7E8 8 06 41 00 BE 3F A0 13 00       388ms

========== 733 ==========
733 8 01 3E 00 00 00 00 00 00       780ms

  
7DF 8 02 01 00 00 00 00 00 00         3ms
7E8 8 06 41 00 BE 3F A0 13 00       387ms

========== 734 ==========
734 8 01 3E 00 00 00 00 00 00       750ms

  
7DF 8 02 01 00 00 00 00 00 00         2ms
7E8 8 06 41 00 BE 3F A0 13 00       387ms
========== 741 ==========
741 8 01 3E 00 00 00 00 00 00       751ms
  
7DF 8 02 01 00 00 00 00 00 00         5ms
7E8 8 06 41 00 BE 3F A0 13 00       385ms

========== 744 ==========
744 8 01 3E 00 00 00 00 00 00       750ms
  
7DF 8 02 01 00 00 00 00 00 00         4ms
7E8 8 06 41 00 BE 3F A0 13 00       386ms

========== 745 ==========
745 8 01 3E 00 00 00 00 00 00       751ms
  
7DF 8 02 01 00 00 00 00 00 00         3ms
7E8 8 06 41 00 BE 3F A0 13 00       387ms

========== 746 ==========
746 8 01 3E 00 00 00 00 00 00       751ms
  
7DF 8 02 01 00 00 00 00 00 00         5ms
7E8 8 06 41 00 BE 3F A0 13 00       384ms

========== 747 ========== 
747 8 01 3E 00 00 00 00 00 00       751ms
  
7DF 8 02 01 00 00 00 00 00 00         4ms
7E8 8 06 41 00 BE 3F A0 13 00       385ms

========== 750 ==========
750 8 01 3E 00 00 00 00 00 00       751ms
  
7DF 8 02 01 00 00 00 00 00 00         3ms
7E8 8 06 41 00 BE 3F A0 13 00       387ms

========== 781 ==========
781 8 01 3E 00 00 00 00 00 00       751ms
  
7DF 8 02 01 00 00 00 00 00 00         1ms
7E8 8 06 41 00 BE 3F A0 13 00       388ms

========== 784 ==========
784 8 01 3E 00 00 00 00 00 00        22ms
78C 8 01 7E 00 00 00 00 00 00       100ms
784 8 04 18 00 FF 00 00 00 00        22ms
78C 8 03 7F 18 10 00 00 00 00        98ms
784 8 04 18 02 FF 00 00 00 00        22ms
78C 8 03 7F 18 10 00 00 00 00        98ms
784 8 03 18 FF 00 00 00 00 00        21ms
78C 8 03 7F 18 10 00 00 00 00        99ms
784 8 03 17 FF 00 00 00 00 00        21ms
78C 8 03 7F 17 10 00 00 00 00        99ms
784 8 03 13 FF 00 00 00 00 00        21ms
78C 8 03 7F 13 10 00 00 00 00        99ms
784 8 03 13 FF FF 00 00 00 00        22ms
78C 8 03 7F 13 10 00 00 00 00        97ms
784 8 01 13 00 00 00 00 00 00        22ms
78C 8 02 53 00 00 00 00 00 00        98ms
784 8 02 13 81 00 00 00 00 00        22ms
78C 8 02 53 00 00 00 00 00 00        99ms
784 8 03 19 02 AC 00 00 00 00        21ms
78C 8 03 7F 19 10 00 00 00 00        99ms
784 8 03 19 02 78 00 00 00 00        21ms
78C 8 03 7F 19 10 00 00 00 00        99ms
784 8 03 19 02 08 00 00 00 00        21ms
78C 8 03 7F 19 10 00 00 00 00        99ms
784 8 03 19 0F AC 00 00 00 00        21ms
78C 8 03 7F 19 10 00 00 00 00       398ms
  
7DF 8 02 01 00 00 00 00 00 00         4ms
7E8 8 06 41 00 BE 3F A0 13 00       385ms
========== 790 ==========
790 8 01 3E 00 00 00 00 00 00       751ms
  
7DF 8 02 01 00 00 00 00 00 00         3ms
7E8 8 06 41 00 BE 3F A0 13 00       386ms
========== 791 ==========
791 8 01 3E 00 00 00 00 00 00       751ms
  
7DF 8 02 01 00 00 00 00 00 00         2ms
7E8 8 06 41 00 BE 3F A0 13 00       388ms
========== 792 ==========
792 8 01 3E 00 00 00 00 00 00       751ms
  
7DF 8 02 01 00 00 00 00 00 00         5ms
7E8 8 06 41 00 BE 3F A0 13 00       385ms
========== 793 ==========
793 8 01 3E 00 00 00 00 00 00       751ms
  
7DF 8 02 01 00 00 00 00 00 00         3ms
7E8 8 06 41 00 BE 3F A0 13 00       386ms

========== 7A1 ==========    
7A1 8 01 3E 00 00 00 00 00 00        37ms
7A9 8 01 7E 00 00 00 00 00 00       115ms
7A1 8 04 18 00 FF 00 00 00 00        40ms
7A9 8 03 7F 18 11 00 00 00 00       110ms
7A1 8 04 18 02 FF 00 00 00 00        40ms
7A9 8 03 7F 18 11 00 00 00 00       109ms
7A1 8 03 18 FF 00 00 00 00 00        36ms
7A9 8 03 7F 18 11 00 00 00 00       114ms
7A1 8 03 17 FF 00 00 00 00 00        36ms
7A9 8 03 7F 17 11 00 00 00 00       114ms
7A1 8 03 13 FF 00 00 00 00 00        36ms
7A9 8 03 7F 13 12 00 00 00 00       114ms
7A1 8 03 13 FF FF 00 00 00 00        36ms
7A9 8 03 7F 13 12 00 00 00 00       113ms
7A1 8 01 13 00 00 00 00 00 00        37ms
7A9 8 03 7F 13 12 00 00 00 00       113ms
7A1 8 02 13 81 00 00 00 00 00        37ms
7A9 8 02 53 00 00 00 00 00 00       114ms
7A1 8 03 19 02 AC 00 00 00 00        36ms
7A9 8 03 7F 19 11 00 00 00 00       114ms
7A1 8 03 19 02 78 00 00 00 00        36ms
7A9 8 03 7F 19 11 00 00 00 00       114ms
7A1 8 03 19 02 08 00 00 00 00        36ms
7A9 8 03 7F 19 11 00 00 00 00       114ms
7A1 8 03 19 0F AC 00 00 00 00        36ms
7A9 8 03 7F 19 11 00 00 00 00       413ms
  
7DF 8 02 01 00 00 00 00 00 00         5ms
7E8 8 06 41 00 BE 3F A0 13 00       444ms
========== 7A2 ==========
7A2 8 01 3E 00 00 00 00 00 00       751ms
  
7DF 8 02 01 00 00 00 00 00 00         1ms
7E8 8 06 41 00 BE 3F A0 13 00       418ms

========== 7A3 ==========
7A3 8 01 3E 00 00 00 00 00 00       751ms
  
7DF 8 02 01 00 00 00 00 00 00         3ms
7E8 8 06 41 00 BE 3F A0 13 00       417ms

========== 7AA ==========
7AA 8 01 3E 00 00 00 00 00 00       751ms
  
7DF 8 02 01 00 00 00 00 00 00         4ms
7E8 8 06 41 00 BE 3F A0 13 00       415ms
========== 7B1 ==========
7B1 8 01 3E 00 00 00 00 00 00       751ms
  
7DF 8 02 01 00 00 00 00 00 00         2ms
7E8 8 06 41 00 BE 3F A0 13 00       418ms
========== 7B1 ==========
7B2 8 01 3E 00 00 00 00 00 00       751ms
  
7DF 8 02 01 00 00 00 00 00 00         3ms
7E8 8 06 41 00 BE 3F A0 13 00       416ms

========== 7B3 ==========
7B3 8 01 3E 00 00 00 00 00 00       751ms
  
7DF 8 02 01 00 00 00 00 00 00         5ms
7E8 8 06 41 00 BE 3F A0 13 00       414ms

========== 7B4 ==========   
7B4 8 01 3E 00 00 00 00 00 00       751ms
  
7DF 8 02 01 00 00 00 00 00 00         2ms
7E8 8 06 41 00 BE 3F A0 13 00       417ms

========== 7B7 ==========  
7B7 8 01 3E 00 00 00 00 00 00       751ms
  
7DF 8 02 01 00 00 00 00 00 00         4ms
7E8 8 06 41 00 BE 3F A0 13 00       416ms

========== 7C0 ==========
7C0 8 01 3E 00 00 00 00 00 00         7ms
7C8 8 01 7E 00 00 00 00 00 00       115ms
7C0 8 04 18 00 FF 00 00 00 00         5ms
7C8 8 03 7F 18 11 00 00 00 00       115ms
7C0 8 04 18 02 FF 00 00 00 00         5ms
7C8 8 03 7F 18 11 00 00 00 00       114ms
7C0 8 03 18 FF 00 00 00 00 00         6ms
7C8 8 03 7F 18 11 00 00 00 00       114ms
7C0 8 03 17 FF 00 00 00 00 00         6ms
7C8 8 03 7F 17 11 00 00 00 00       114ms
7C0 8 03 13 FF 00 00 00 00 00         6ms
7C8 8 03 7F 13 13 00 00 00 00       114ms
7C0 8 03 13 FF FF 00 00 00 00         6ms
7C8 8 03 7F 13 13 00 00 00 00       113ms
7C0 8 01 13 00 00 00 00 00 00         7ms
7C8 8 03 7F 13 13 00 00 00 00       113ms
7C0 8 02 13 81 00 00 00 00 00         7ms
7C8 8 02 53 00 00 00 00 00 00       114ms
7C0 8 03 19 02 AC 00 00 00 00         6ms
7C8 8 03 7F 19 11 00 00 00 00       114ms
7C0 8 03 19 02 78 00 00 00 00         6ms
7C8 8 03 7F 19 11 00 00 00 00       114ms
7C0 8 03 19 02 08 00 00 00 00         6ms
7C8 8 03 7F 19 11 00 00 00 00       114ms
7C0 8 03 19 0F AC 00 00 00 00         6ms
7C8 8 03 7F 19 11 00 00 00 00       413ms
  
7DF 8 02 01 00 00 00 00 00 00         5ms
7E8 8 06 41 00 BE 3F A0 13 00       414ms

========== 7C1 ==========
7C1 8 01 3E 00 00 00 00 00 00       751ms
  
7DF 8 02 01 00 00 00 00 00 00         3ms
7E8 8 06 41 00 BE 3F A0 13 00       417ms

========== 7C4 ==========     
7C4 8 01 3E 00 00 00 00 00 00        29ms
7CC 8 01 7E 00 00 00 00 00 00       122ms
7C4 8 04 18 00 FF 00 00 00 00        16ms
7CC 8 03 7F 18 11 00 00 00 00       134ms
7C4 8 04 18 02 FF 00 00 00 00        28ms
7CC 8 03 7F 18 11 00 00 00 00       122ms
7C4 8 03 18 FF 00 00 00 00 00        17ms
7CC 8 03 7F 18 11 00 00 00 00       163ms
7C4 8 03 17 FF 00 00 00 00 00        17ms
7CC 8 03 7F 17 11 00 00 00 00       134ms
7C4 8 03 13 FF 00 00 00 00 00        28ms
7CC 8 03 7F 13 12 00 00 00 00       122ms
7C4 8 03 13 FF FF 00 00 00 00        17ms
7CC 8 03 7F 13 12 00 00 00 00       132ms
7C4 8 01 13 00 00 00 00 00 00        29ms
7CC 8 02 53 00 00 00 00 00 00       121ms
7C4 8 02 13 81 00 00 00 00 00        17ms
7CC 8 02 53 00 00 00 00 00 00       134ms
7C4 8 03 19 02 AC 00 00 00 00        29ms
7CC 8 03 7F 19 11 00 00 00 00       121ms
7C4 8 03 19 02 78 00 00 00 00        16ms
7CC 8 03 7F 19 11 00 00 00 00       134ms
7C4 8 03 19 02 08 00 00 00 00        28ms
7CC 8 03 7F 19 11 00 00 00 00       122ms
7C4 8 03 19 0F AC 00 00 00 00        16ms
7CC 8 03 7F 19 11 00 00 00 00       433ms
  
7DF 8 02 01 00 00 00 00 00 00         2ms
7E8 8 06 41 00 BE 3F A0 13 00       418ms

========== 7D0 ==========   
7D0 8 01 3E 00 00 00 00 00 00       751ms
  
7DF 8 02 01 00 00 00 00 00 00         3ms
7E8 8 06 41 00 BE 3F A0 13 00       417ms

========== 7D2 ========== 
7D2 8 01 3E 00 00 00 00 00 00       750ms
  
7DF 8 02 01 00 00 00 00 00 00         5ms
7E8 8 06 41 00 BE 3F A0 13 00       595ms

========== 750 ==========    
750 8 02 01 3E 00 00 00 00 00       751ms
  
7DF 8 02 01 00 00 00 00 00 00         2ms
7E8 8 06 41 00 BE 3F A0 13 00       537ms

========== 750 ==========     
750 8 0F 01 3E 00 00 00 00 00       751ms
  
7DF 8 02 01 00 00 00 00 00 00         3ms
7E8 8 06 41 00 BE 3F A0 13 00       537ms

========== 750 ==========     
750 8 26 01 3E 00 00 00 00 00       751ms
  
7DF 8 02 01 00 00 00 00 00 00         3ms
7E8 8 06 41 00 BE 3F A0 13 00       536ms

========== 750 ==========         
750 8 2A 01 3E 00 00 00 00 00       751ms
  
7DF 8 02 01 00 00 00 00 00 00         3ms
7E8 8 06 41 00 BE 3F A0 13 00       536ms

========== 750 ==========         
750 8 2B 01 3E 00 00 00 00 00       751ms
  
7DF 8 02 01 00 00 00 00 00 00         4ms
7E8 8 06 41 00 BE 3F A0 13 00       566ms

========== 750 ==========         
750 8 2C 01 3E 00 00 00 00 00       751ms
  
7DF 8 02 01 00 00 00 00 00 00         3ms
7E8 8 06 41 00 BE 3F A0 13 00       537ms

========== 750 ==========         
750 8 30 01 3E 00 00 00 00 00       751ms
  
7DF 8 02 01 00 00 00 00 00 00         3ms
7E8 8 06 41 00 BE 3F A0 13 00       537ms

========== 750 ==========         
750 8 36 01 3E 00 00 00 00 00       751ms
  
7DF 8 02 01 00 00 00 00 00 00         3ms
7E8 8 06 41 00 BE 3F A0 13 00       536ms

========== 750 ==========         
750 8 38 01 3E 00 00 00 00 00       750ms
  
7DF 8 02 01 00 00 00 00 00 00         4ms
7E8 8 06 41 00 BE 3F A0 13 00       596ms

========== 750 ==========         
750 8 39 01 3E 00 00 00 00 00       781ms
  
7DF 8 02 01 00 00 00 00 00 00         4ms
7E8 8 06 41 00 BE 3F A0 13 00       536ms

========== 750 ==========         
750 8 3A 01 3E 00 00 00 00 00       751ms
  
7DF 8 02 01 00 00 00 00 00 00         4ms
7E8 8 06 41 00 BE 3F A0 13 00       535ms

========== 750 ==========         
750 8 3B 01 3E 00 00 00 00 00       751ms
  
7DF 8 02 01 00 00 00 00 00 00         4ms
7E8 8 06 41 00 BE 3F A0 13 00       535ms

========== 750 ==========         
750 8 40 01 3E 00 00 00 00 00       751ms
  
7DF 8 02 01 00 00 00 00 00 00         5ms
7E8 8 06 41 00 BE 3F A0 13 00       535ms

========== 750 ==========         
750 8 41 01 3E 00 00 00 00 00       751ms
  
7DF 8 02 01 00 00 00 00 00 00         5ms
7E8 8 06 41 00 BE 3F A0 13 00       534ms

========== 750 ==========         
750 8 42 01 3E 00 00 00 00 00       781ms
  
7DF 8 02 01 00 00 00 00 00 00         4ms
7E8 8 06 41 00 BE 3F A0 13 00       536ms

========== 750 ==========         
750 8 43 01 3E 00 00 00 00 00       750ms
  
7DF 8 02 01 00 00 00 00 00 00         4ms
7E8 8 06 41 00 BE 3F A0 13 00       535ms

========== 750 ==========         
750 8 44 01 3E 00 00 00 00 00       751ms
  
7DF 8 02 01 00 00 00 00 00 00         5ms
7E8 8 06 41 00 BE 3F A0 13 00       535ms

========== 750 ==========         
750 8 4C 01 3E 00 00 00 00 00       751ms
  
7DF 8 02 01 00 00 00 00 00 00         5ms
7E8 8 06 41 00 BE 3F A0 13 00       535ms

========== 750 ==========         
750 8 4F 01 3E 00 00 00 00 00       871ms
  
7DF 8 02 01 00 00 00 00 00 00         4ms
7E8 8 06 41 00 BE 3F A0 13 00       566ms

========== 750 ==========         
750 8 51 01 3E 00 00 00 00 00       751ms
  
7DF 8 02 01 00 00 00 00 00 00         3ms
7E8 8 06 41 00 BE 3F A0 13 00       537ms

========== 750 ==========         
750 8 52 01 3E 00 00 00 00 00       750ms
  
7DF 8 02 01 00 00 00 00 00 00         4ms
7E8 8 06 41 00 BE 3F A0 13 00       566ms

========== 750 ==========         
750 8 54 01 3E 00 00 00 00 00       751ms
  
7DF 8 02 01 00 00 00 00 00 00         2ms
7E8 8 06 41 00 BE 3F A0 13 00       537ms

========== 750 ==========         
750 8 55 01 3E 00 00 00 00 00       751ms
  
7DF 8 02 01 00 00 00 00 00 00         2ms
7E8 8 06 41 00 BE 3F A0 13 00       537ms

========== 750 ==========         
750 8 56 01 3E 00 00 00 00 00       751ms
  
7DF 8 02 01 00 00 00 00 00 00         3ms
7E8 8 06 41 00 BE 3F A0 13 00       537ms

========== 750 ==========         
750 8 57 01 3E 00 00 00 00 00       751ms
  
7DF 8 02 01 00 00 00 00 00 00         3ms
7E8 8 06 41 00 BE 3F A0 13 00       537ms

========== 750 ==========         
750 8 5B 01 3E 00 00 00 00 00       751ms
  
7DF 8 02 01 00 00 00 00 00 00         3ms
7E8 8 06 41 00 BE 3F A0 13 00       536ms

========== 750 ==========         
750 8 5F 01 3E 00 00 00 00 00       751ms
  
7DF 8 02 01 00 00 00 00 00 00         4ms
7E8 8 06 41 00 BE 3F A0 13 00       536ms

========== 750 ==========         
750 8 60 01 3E 00 00 00 00 00       751ms
  
7DF 8 02 01 00 00 00 00 00 00         4ms
7E8 8 06 41 00 BE 3F A0 13 00       536ms

========== 750 ==========    
750 8 67 01 3E 00 00 00 00 00       751ms
  
7DF 8 02 01 00 00 00 00 00 00         5ms
7E8 8 06 41 00 BE 3F A0 13 00       535ms

========== 750 ==========         
750 8 68 01 3E 00 00 00 00 00       751ms
  
7DF 8 02 01 00 00 00 00 00 00         4ms
7E8 8 06 41 00 BE 3F A0 13 00       535ms

========== 750 ==========         
750 8 69 01 3E 00 00 00 00 00       751ms
  
7DF 8 02 01 00 00 00 00 00 00         4ms
7E8 8 06 41 00 BE 3F A0 13 00       535ms

========== 750 ==========         
750 8 6D 01 3E 00 00 00 00 00       751ms
  
7DF 8 02 01 00 00 00 00 00 00         5ms
7E8 8 06 41 00 BE 3F A0 13 00       534ms

========== 750 ==========         
750 8 70 01 3E 00 00 00 00 00       780ms
  
7DF 8 02 01 00 00 00 00 00 00         4ms
7E8 8 06 41 00 BE 3F A0 13 00       536ms

========== 750 ==========         
750 8 79 01 3E 00 00 00 00 00       751ms
  
7DF 8 02 01 00 00 00 00 00 00         4ms
7E8 8 06 41 00 BE 3F A0 13 00       535ms

========== 750 ==========         
750 8 7A 01 3E 00 00 00 00 00       751ms
  
7DF 8 02 01 00 00 00 00 00 00         4ms
7E8 8 06 41 00 BE 3F A0 13 00       535ms

========== 750 ==========         
750 8 7B 01 3E 00 00 00 00 00       751ms
  
7DF 8 02 01 00 00 00 00 00 00         5ms
7E8 8 06 41 00 BE 3F A0 13 00       535ms

========== 750 ==========         
750 8 7C 01 3E 00 00 00 00 00       750ms
  
7DF 8 02 01 00 00 00 00 00 00         5ms
7E8 8 06 41 00 BE 3F A0 13 00       534ms

========== 750 ==========         
750 8 80 01 3E 00 00 00 00 00       751ms
  
7DF 8 02 01 00 00 00 00 00 00         5ms
7E8 8 06 41 00 BE 3F A0 13 00       534ms

========== 750 ==========         
750 8 81 01 3E 00 00 00 00 00       751ms
  
7DF 8 02 01 00 00 00 00 00 00         2ms
7E8 8 06 41 00 BE 3F A0 13 00       688ms

========== 750 ==========         
7500 8 82 01 3E 00 00 00 00 00       751ms
  
7DF 8 02 01 00 00 00 00 00 00         3ms
7E8 8 06 41 00 BE 3F A0 13 00       626ms

========== 750 ==========         
750 8 83 01 3E 00 00 00 00 00       841ms
  
7DF 8 02 01 00 00 00 00 00 00         4ms
7E8 8 06 41 00 BE 3F A0 13 00       596ms

========== 750 ==========         
750 8 85 01 3E 00 00 00 00 00       781ms
  
7DF 8 02 01 00 00 00 00 00 00         4ms
7E8 8 06 41 00 BE 3F A0 13 00       595ms

========== 750 ==========         
750 8 8A 01 3E 00 00 00 00 00       781ms
  
7DF 8 02 01 00 00 00 00 00 00         5ms
7E8 8 06 41 00 BE 3F A0 13 00       535ms

========== 750 ==========         
750 8 8B 01 3E 00 00 00 00 00       751ms
  
7DF 8 02 01 00 00 00 00 00 00         5ms
7E8 8 06 41 00 BE 3F A0 13 00       535ms

========== 750 ==========         
750 8 8C 01 3E 00 00 00 00 00       781ms
  
7DF 8 02 01 00 00 00 00 00 00         4ms
7E8 8 06 41 00 BE 3F A0 13 00       535ms

========== 750 ==========         
750 8 8D 01 3E 00 00 00 00 00       751ms
  
7DF 8 02 01 00 00 00 00 00 00         5ms
7E8 8 06 41 00 BE 3F A0 13 00       535ms

========== 750 ==========         
750 8 90 01 3E 00 00 00 00 00       751ms
  
7DF 8 02 01 00 00 00 00 00 00         4ms
7E8 8 06 41 00 BE 3F A0 13 00       535ms

========== 750 ==========         
750 8 91 01 3E 00 00 00 00 00       781ms
  
7DF 8 02 01 00 00 00 00 00 00         3ms
7E8 8 06 41 00 BE 3F A0 13 00       536ms
750 8 92 01 3E 00 00 00 00 00       750ms
  
7DF 8 02 01 00 00 00 00 00 00         4ms
7E8 8 06 41 00 BE 3F A0 13 00       566ms

========== 750 ==========         
750 8 93 01 3E 00 00 00 00 00       751ms
  
7DF 8 02 01 00 00 00 00 00 00         3ms
7E8 8 06 41 00 BE 3F A0 13 00       537ms

========== 750 ==========         
750 8 A0 01 3E 00 00 00 00 00       781ms
  
7DF 8 02 01 00 00 00 00 00 00         2ms
7E8 8 06 41 00 BE 3F A0 13 00       539ms

========== 750 ==========         
750 8 A1 01 3E 00 00 00 00 00       750ms
  
7DF 8 02 01 00 00 00 00 00 00         2ms
7E8 8 06 41 00 BE 3F A0 13 00       538ms

========== 750 ==========    
750 8 A2 01 3E 00 00 00 00 00       751ms
  
7DF 8 02 01 00 00 00 00 00 00         3ms
7E8 8 06 41 00 BE 3F A0 13 00       537ms

========== 750 ==========         
750 8 A4 01 3E 00 00 00 00 00       751ms
  
7DF 8 02 01 00 00 00 00 00 00         2ms
7E8 8 06 41 00 BE 3F A0 13 00       537ms

========== 750 ==========         
750 8 A5 01 3E 00 00 00 00 00       751ms
  
7DF 8 02 01 00 00 00 00 00 00         3ms
7E8 8 06 41 00 BE 3F A0 13 00       537ms

========== 750 ==========         
750 8 A6 01 3E 00 00 00 00 00       751ms
  
7DF 8 02 01 00 00 00 00 00 00         3ms
7E8 8 06 41 00 BE 3F A0 13 00       536ms

========== 750 ==========         
750 8 A7 01 3E 00 00 00 00 00       751ms
  
7DF 8 02 01 00 00 00 00 00 00         3ms
7E8 8 06 41 00 BE 3F A0 13 00       536ms

========== 750 ==========         
750 8 A8 01 3E 00 00 00 00 00       751ms
  
7DF 8 02 01 00 00 00 00 00 00         4ms
7E8 8 06 41 00 BE 3F A0 13 00       536ms

========== 750 ==========    
750 8 AA 01 3E 00 00 00 00 00       751ms
  
7DF 8 02 01 00 00 00 00 00 00         4ms
7E8 8 06 41 00 BE 3F A0 13 00       536ms

========== 750 ==========    
750 8 AB 01 3E 00 00 00 00 00       751ms
  
7DF 8 02 01 00 00 00 00 00 00         4ms
7E8 8 06 41 00 BE 3F A0 13 00       535ms

========== 750 ==========    
750 8 AC 01 3E 00 00 00 00 00       751ms
  
7DF 8 02 01 00 00 00 00 00 00         4ms
7E8 8 06 41 00 BE 3F A0 13 00       535ms

========== 750 ==========    
750 8 AE 01 3E 00 00 00 00 00       751ms
  
7DF 8 02 01 00 00 00 00 00 00         5ms
7E8 8 06 41 00 BE 3F A0 13 00       535ms

========== 750 ==========    
750 8 AD 01 3E 00 00 00 00 00       751ms
  
7DF 8 02 01 00 00 00 00 00 00         5ms
7E8 8 06 41 00 BE 3F A0 13 00       534ms

========== 750 ==========    
750 8 C8 01 3E 00 00 00 00 00       751ms
  
7DF 8 02 01 00 00 00 00 00 00         6ms
7E8 8 06 41 00 BE 3F A0 13 00       534ms

========== 750 ==========    
750 8 B0 01 3E 00 00 00 00 00       751ms
  
7DF 8 02 01 00 00 00 00 00 00         1ms
7E8 8 06 41 00 BE 3F A0 13 00       568ms

========== 750 ==========    
750 8 B5 01 3E 00 00 00 00 00       751ms
  
7DF 8 02 01 00 00 00 00 00 00         5ms
7E8 8 06 41 00 BE 3F A0 13 00       535ms

========== 750 ==========    
750 8 B6 01 3E 00 00 00 00 00       751ms
  
7DF 8 02 01 00 00 00 00 00 00         5ms
7E8 8 06 41 00 BE 3F A0 13 00       534ms

========== 750 ==========    
750 8 B8 01 3E 00 00 00 00 00       751ms
  
7DF 8 02 01 00 00 00 00 00 00         5ms
7E8 8 06 41 00 BE 3F A0 13 00       534ms

========== 750 ==========    
750 8 B9 01 3E 00 00 00 00 00       750ms
  
7DF 8 02 01 00 00 00 00 00 00         1ms
7E8 8 06 41 00 BE 3F A0 13 00       538ms

========== 750 ==========    
750 8 E0 01 3E 00 00 00 00 00       751ms
  
7DF 8 02 01 00 00 00 00 00 00         2ms
7E8 8 06 41 00 BE 3F A0 13 00       538ms

========== 750 ==========    
750 8 E9 01 3E 00 00 00 00 00       750ms
  
7DF 8 02 01 00 00 00 00 00 00         2ms
7E8 8 06 41 00 BE 3F A0 13 00       538ms

========== 750 ==========    
750 8 EB 01 3E 00 00 00 00 00       751ms
  
7DF 8 02 01 00 00 00 00 00 00         2ms
7E8 8 06 41 00 BE 3F A0 13 00       537ms

========== 750 ==========    
750 8 EC 01 3E 00 00 00 00 00       751ms
  
7DF 8 02 01 00 00 00 00 00 00         3ms
7E8 8 06 41 00 BE 3F A0 13 00       537ms

========== 750 ==========    
750 8 C7 01 3E 00 00 00 00 00       751ms
  
7DF 8 02 01 00 00 00 00 00 00         3ms
7E8 8 06 41 00 BE 3F A0 13 00       537ms

========== 750 ==========    
750 8 C8 01 3E 00 00 00 00 00       751ms
  
7DF 8 02 01 00 00 00 00 00 00         3ms
7E8 8 06 41 00 BE 3F A0 13 00       536ms

========== 750 ==========    
750 8 D3 01 3E 00 00 00 00 00       751ms
  
7DF 8 02 01 00 00 00 00 00 00         3ms
7E8 8 06 41 00 BE 3F A0 13 00       536ms

========== 750 ==========    
750 8 D4 01 3E 00 00 00 00 00       751ms
  
7DF 8 02 01 00 00 00 00 00 00         4ms
7E8 8 06 41 00 BE 3F A0 13 00       536ms

========== 750 ==========    
750 8 DA 01 3E 00 00 00 00 00       781ms
  
7DF 8 02 01 00 00 00 00 00 00         3ms
7E8 8 06 41 00 BE 3F A0 13 00       537ms

========== 750 ==========    
750 8 DD 01 3E 00 00 00 00 00       750ms
  
7DF 8 02 01 00 00 00 00 00 00         3ms
7E8 8 06 41 00 BE 3F A0 13 00       536ms

========== 750 ==========    
750 8 DC 01 3E 00 00 00 00 00       751ms
  
7DF 8 02 01 00 00 00 00 00 00         3ms
7E8 8 06 41 00 BE 3F A0 13 00       538ms

========== 750 ==========    
750 8 DD 01 3E 00 00 00 00 00       749ms
  
7DF 8 02 01 00 00 00 00 00 00         3ms
7E8 8 06 41 00 BE 3F A0 13 00       536ms

========== 750 ==========    
750 8 DE 01 3E 00 00 00 00 00       750ms
  
7DF 8 02 01 00 00 00 00 00 00         4ms
7E8 8 06 41 00 BE 3F A0 13 00       536ms

========== 750 ==========    
750 8 F3 01 3E 00 00 00 00 00       930ms
  
7DF 8 02 01 00 00 00 00 00 00         4ms
7E8 8 06 41 00 BE 3F A0 13 00       116ms
  
