61952ms
========== 7B0 ==========
7B0 8 01 3E 00 00 00 00 00 00         7ms
7B8 8 01 7E 00 00 00 00 00 00        17ms
7B0 8 01 14 00 00 00 00 00 00        38ms
7B8 8 03 7F 14 78 00 00 00 00        36ms
7B8 8 03 7F 14 78 00 00 00 00        36ms
7B8 8 03 7F 14 78 00 00 00 00        36ms
7B8 8 03 7F 14 78 00 00 00 00        36ms
7B8 8 03 7F 14 78 00 00 00 00        37ms
7B8 8 03 7F 14 78 00 00 00 00        35ms
7B8 8 03 7F 14 78 00 00 00 00        36ms
7B8 8 03 7F 14 78 00 00 00 00        24ms
7B8 8 01 54 00 00 00 00 00 00       568ms
7B0 8 02 10 5F 00 00 00 00 00        10ms
7B8 8 02 50 01 00 00 00 00 00         5ms
7B0 8 02 13 81 00 00 00 00 00         7ms
7B8 8 02 53 00 00 00 00 00 00         4ms
7B0 8 02 13 82 00 00 00 00 00         8ms
7B8 8 02 53 00 00 00 00 00 00       387ms

========== 7C0 ==========
7C0 8 01 3E 00 00 00 00 00 00         2ms
7C8 8 01 7E 00 00 00 00 00 00        13ms
7C0 8 01 14 00 00 00 00 00 00        37ms
7C8 8 03 7F 14 78 00 00 00 00       270ms
7C8 8 01 54 00 00 00 00 00 00       605ms
7C0 8 02 13 81 00 00 00 00 00         5ms
7C8 8 02 53 00 00 00 00 00 00         4ms
7C0 8 02 13 82 00 00 00 00 00         6ms
7C8 8 02 53 00 00 00 00 00 00       396ms

========== 726 ==========
726 8 01 3E 00 00 00 00 00 00         2ms
72E 8 01 7E 00 00 00 00 00 00        40ms
726 8 01 14 00 00 00 00 00 00         5ms
72E 8 01 54 00 00 00 00 00 00       570ms
726 8 02 10 5F 00 00 00 00 00         3ms
72E 8 02 50 01 00 00 00 00 00         4ms
726 8 02 13 81 00 00 00 00 00         5ms
72E 8 02 53 00 00 00 00 00 00         4ms
726 8 02 13 82 00 00 00 00 00         4ms
72E 8 02 53 00 00 00 00 00 00       388ms

========== 7A1 ==========
7A1 8 01 3E 00 00 00 00 00 00        40ms
7A9 8 01 7E 00 00 00 00 00 00        25ms
7A1 8 01 14 00 00 00 00 00 00        40ms
7A9 8 03 7F 14 78 00 00 00 00       955ms
7A9 8 01 54 00 00 00 00 00 00       572ms
7A1 8 02 10 5F 00 00 00 00 00        38ms
7A9 8 02 50 01 00 00 00 00 00         6ms
7A1 8 02 13 81 00 00 00 00 00        39ms
7A9 8 02 53 00 00 00 00 00 00         4ms
7A1 8 02 13 81 00 00 00 00 00        42ms
7A9 8 02 53 00 00 00 00 00 00         4ms
7A1 8 02 13 82 00 00 00 00 00        40ms
7A9 8 02 53 00 00 00 00 00 00       400ms

========== 7C4 ==========
7C4 8 01 3E 00 00 00 00 00 00        21ms
7CC 8 01 7E 00 00 00 00 00 00        18ms
7C4 8 01 14 00 00 00 00 00 00        21ms
7CC 8 01 54 00 00 00 00 00 00       626ms
7C4 8 02 13 81 00 00 00 00 00        13ms
7CC 8 02 53 00 00 00 00 00 00         4ms
7C4 8 02 13 82 00 00 00 00 00        17ms
7CC 8 02 53 00 00 00 00 00 00 